[0]51
[1]宁德时代
[2]300750
[3]181.15
[4]184.48
[5]185.48
[6]174662
[7]75994
[8]98668
[9]181.14
[10]6
[11]181.13
[12]15
[13]181.12
[14]367
[15]181.11
[16]78
[17]181.10
[18]239
[19]181.15
[20]10
[21]181.16
[22]2
[23]181.17
[24]10
[25]181.18
[26]35
[27]181.19
[28]13
[29]
[30]20231116161403
[31]-3.33
[32]-1.81
[33]185.49
[34]180.10
[35]181.15/174662/3180032495
[36]174662
[37]318003
[38]0.45
[39]17.99
[40]
[41]185.49
[42]180.10
[43]2.92
[44]7054.11
[45]7967.44
[46]4.42
[47]221.38
[48]147.58
[49]1.06
[50]635
[51]182.07
[52]19.19
[53]25.93
[54]
[55]
[56]0.88
[57]318003.2495
[58]21.7380
[59]12
[60] A
[61]GP-A-CYB
[62]-16.58
[63]-5.38
[64]0.77
[65]24.59
[66]6.90
[67]271.13
[68]168.81
[69]-2.38
[70]-0.85
[71]-22.12
[72]3894069163
[73]4398257697
[74]81.94
[75]-20.95
[76]3894069163
[77]
[78]
[79]-14.54
[80]0.00
[81]
[82]CNY
[83]0
[84]
[85]181.20
[86]-135
